46845730
46845731
46845732
46845733
46845735
46845736
46845737
46845738
46845739
46845740
46845741
46845742
46845745
46845746
46845836
46845838
46845839
46845840
46845842
46845843
46845845
46845846
46845847
46845848
46845849
46845851
46845853
46845854
46845855
46845856
46845857
46845858
46845859
46846082
46846083
46846085
46846086
46846123
46846124
46846125
46846126
46846129
46846131
46846132
46846133
46846134
46846136
46846137
46846141
46846143
46846144
46846146
46846147
46846148
46846150
46846151
46846152
46846153
46846154
46846155
46846156
46846157
46846158
46846159
46846160
46846162
46846164
46846166
46846167
46846122
46846121
46846120
46846119
46846118
46846116
46846115
46846113
46846112
46846111
46846110
46846109
46846108
46846107
46846106
46846105
46846104
46846103
46846102
46846101
46846100
46846099
46846098
46846097
46846096
46846095
46846094
46846093
46846092
46846091
46846090
46846089
46846081
46846080
46846079
46846078
46846077
46846076
46846075
46846074
46846073
46846072
46846070
46846067
46846066
46846065
46846062
46846061
46846060
46846059
46846058
46846057
46846054
46846053
46846052
46846051
46846050
46846049
46846046
46846044
46846043
46846042
46846040
46846039
46846038
46846037
46846036
46846035
46846034
46846032
46846031
46846029
46846028
46846027
46846026
46846025
46846024
46846023
46846021
46846019
46846015
46846014
46846013
46846012
46846011
46846009
46846008
46846007
46846006
46846005
46846004
46846002
46846001
46846000
46845999
46845996
46845995
46845994
46845993
46845992
46845991
46845990
46845989
46845988
46845987
46845985
46845984
46845983
46845982
46845981
46845980
46845979
46845978
46845976
46845973
46845971
46845970
46845969
46845968
46845966
46845965
46845964
46845963
46845961
46845959
46845958
46845957
46845955
46845954
46845953
46845952
46845951
46845950
46845949
46845948
46845947
46845946
46845940
46845939
46845938
46845937
46845936
46845935
46845934
46845933
46845932
46845931
46845930
46845929
46845928
46845927
46845925
46845924
46845923
46845922
46845920
46845919
46845918
46845917
46845916
46845914
46845912
46845911
46845910
46845909
46845907
46845906
46845905
46845904
46845902
46845901
46845900
46845899
46845898
46845897
46845895
46845894
46845893
46845888
46845887
46845886
46845885
46845884
46845882
46845881
46845880
46845879
46845878
46845876
46845875
46845874
46845871
46845870
46845869
46845868
46845866
46845865
46845864
46845862
46845861
46845860
46845835
46845834
46845833
46845832
46845831
46845830
46845829
46845828
46845827
46845825
46845824
46845823
46845822
46845819
46845818
46845817
46845816
46845814
46845813
46845812
46845810
46845809
46845807
46845805
46845804
46845803
46845802
46845801
46845800
46845799
46845798
46845797
46845795
46845794
46845793
46845791
46845790
46845789
46845788
46845787
46845786
46845784
46845783
46845782
46845781
46845779
46845778
46845776
46845775
46845774
46845773
46845772
46845769
46845768
46845767
46845766
46845765
46845763
46845761
46845760
46845759
46845758
46845757
46845756
46845755
46845754
46845753
46845751
46845750
46845749
46845748
46845729
46845728
46845727
46845726
46845723
46845722
46845721
46845720
46845719
46845718
46845717
46845716
46845715
46845712
46845711
46845709
46845706
46845705
46845704
46845702
46845701
46845700
46845697
46845696
46845695
46845694
46845692
46845691
46845690
46845689
46845688
46845687
46845686
46845684
46845683
46845682
46845681
46845680
46845679
46845678
46845676
46845675
46845674
46845672
46845671
46845670
46845669
46845668
46845667
46845666
46845665
46845663
46845662
46845661
46845659
46845658
46845657
46845655
46845654
46845653
46845652
46845651
46845650
46846170
46846171
46846173
46846174
46846175
46846176
46846177
46846178
46846179
46846182
46846183
46846184
46846185
46846186
46846189
46846191
46846192
46846193
46846194
46846195
46846196
46846197
46846198
46846199
46846200
46846201
46846202
46846203
46846204
46846205
46846206
46846207
46846208
46846209
46846211
46846213
46846214
46846215
46846216
46846217
46846219
46846220
46846221
46846222
46846223
46846224
46846225
46846226
46846228
46846229
46846230
46846231
46846232
46846233
46846235
46846236
46846238
46846239
46846240
46846243
46846247
46846248
46846249
46846250
46846251
46846252
46846253
46846254
46846255
46846256
46846257
46846258
46846259
46846261
46846262
46846263
46846264
46846266
46846267
46846268
46846270
46846271
46846272
46846273
46846274
46846275
46846276
46846277
46846278
46846279
46846280
46846281
46846282
46846283
46846284
46846287
46846288
46846290
46846291
46846293
46846294
46846296
46846297
46846298
46846299
46846300
46846301
46846302
46846303
46846304
46846305
46846306
46846307
46846308
46846309
46846310
46846311
46846312
46846315
46846316
46846317
46846318
46846319
46846321
46846322
46846325
46846326
46846327
46846329
46846330
46846331
46846332
46846333
46846334
46846335
46846338
46846339
46846341
46846344
46846345
46846346
46846347
46846348
46846349
46846350
46846351
46846353
46846355
46846356
46846357
46846358
46846359
46846360
46846362
46846363
46846365
46846366
46846367
46846369
46846371
46846372
46846373
46846374
46846375
46846376
46846377
46846378
46846380
46846381
46846382
46846383
46846386
46846387
46846389
46846391
46846395
46846396
46846398
46846399
46846400
46846403
46846404
46846405
46846406
46846407
46846408
46846410
46846411
46846412
46846413
46846414
46846415
46846416
46846418
46846420
46846422
46846423
46846424
46846425
46846426
46846427
46846428
46846429
46846430
46846432
46846433
46846434
46846435
46846436
46846437
46846438
46846439
46846440
46846441
46846442
46846443
46846445
46846446
46846447
46846450
46846451
46846452
46846453
46846454
46846455
46846456
46846457
46846459
46846460
46846461
46846462
46846463
46846464
46846465
46846466
46846468
46846469
46846470
46846471
46846472
46846473
46846474
46846475
46846476
46846477
46846478
46846479
46846480
46846481
46846482
46846483
46846484
46846486
46846487
46846488
46846489
46846492
46846493
46846495
46846496
46846497
46846499
46846500
46846501
46846502
46846503
46846504
46846505
46846507
46846508
46846510
46846511
46846513
46846514
46846515
46846516
46846517
46846518
46846519
46846520
46846521
46846522
46846523
46846524
46846526
46846527
46846528
46846530
46846531
46846532
46846534
46846535
46846536
46846537
46846539
46846540
46846541
46846542
46846543
46846544
46846545
46846546
46846547
46846550
46846552
46846553
46846554
46846557
46846558
46846560
46846561
46846563
46846564
46846565
46846566
46846567
46846568
46846569
46846570
46846572
46846573
46846574
46846576
46846577
46846578
46846579
46846582
46846583
46846584
46846585
46846586
46846587
46846588
46846589
46846591
46846593
46846594
46846595
46846596
46846598
46846599
46846600
46846601
46846602
46846603
46846605
46846606
46846607
46846609
46846610
46846613
46846614
46846615
46846616
46846617
46846618
46846619
46846620
46846621
46846622
46846623
46846624
46846625
46846627
46846629
46846630
46846631
46846632
46846633
46846634
46846635
46846636
46846637
46846642
46846644
46846645
46846646
46846647
46846648
46846649
46846650
46846651
46846652
46846654
46846655
46846656
46846657
46846658
46846660
46846661
46846663
46846664
46846665
46846666
46846667
46846668
46846669
46846670
46846671
46846672
46846673
46846674
46846676
46846677
46846679
46846680
46846681
46846682
46846683
46846684
46846685
46846686
46846687
46846688
46846689
46846690
46846693
46846694
46846696
46846697
46846698
46846699
46846703
46846704
46846705
46846708
46846709
46846710
46846711
46846712
46846713
46846715
46846717
46846718
46846719
46846720
46846721
46846723
46846724
46846725
46846726
46846728
46846729
46846730
46846731
46846733
46846734
46846735
46846736
46846737
46846738
46846740
46846741
46846742
46846744
46846745
46846746
46846747
46846749
46846750
46846751
46846752
46846753
46846755
46846756
46846757
46846758
46846759
46846760
46846762
46846763
46846764
46846765
46846766
46846767
46846768
46846769
46846770
46846772
46846773
46846774
46846775
46846777
46846778
46846779
46846780
46846781
46846784
46846785
46846786
46846787
46846788
46846789
46846791
46846792
46846793
46846795
46846796
46846799
46846800
46846801
46846802
46846803
46846805
46846807
46846808
46846809
46846810
46846811
46846812
46846813
46846814
46846816
46846817
46846818
46846819
46846820
46846821
46846822
46846824
46846825
46846826
46846827
46846828
46846830
46846831
46846833
46846834
46846836
46846837
46846838
46846839
46846840
46846842
46846843
46846844
46846845
46846846
46846848
46846850
46846851
46846852
46846853
46846855
46846856
46846857
46846861
46846862
46846863
46846864
46846865
46846866
46846867
46846868
46846869
46846871
46846872
46846873
46846874
46846875
46846876
46846878
46846881
46846882
46846883
46846884
46846885
46846886
46846887
46846888
46846889
46846890
46846891
46846892
46846893
46846894
46846895
46846898
46846899
46846900
46846902
46846903
46846904
46846906
46846907
46846908
46846909
46846910
46846911
46846913
46846916
46846918
46846919
46846920
46846921
46846922
46847608
46847609
46847611
46847612
46847614
46847615
46847616
46847617
46847618
46847619
46847621
46847623
46847624
46847626
46847627
46847630
46847631
46847634
46847635
46847636
46847637
46847638
46847639
46847640
46847641
46847644
46847645
46847646
46847647
46847648
46847650
46847651
46847652
46847654
46847655
46847657
46847658
46847660
46847661
46847662
46847663
46847664
46847665
46847666
46847667
46847671
46847673
46847674
46847675
46847676
46847677
46847678
46847679
46847680
46847681
46847682
46847683
46847685
46847686
46847687
46847688
46847692
46847694
46847696
46847697
46847698
46847699
46847700
46847703
46847704
46847705
46847706
46847708
46847710
46847712
46847713
46847714
46847715
46847716
46847717
46847718
46847719
46847720
46847721
46847722
46847723
46847724
46847726
46847727
46847728
46847729
46847730
46847731
46847732
46847733
46847734
46847735
46847736
46847737
46847738
46847741
46847742
46847744
46847747
46847748
46847749
46847750
46847751
46847752
46847753
46847756
46847758
46847759
46847760
46847761
46847762
46847763
46847766
46847767
46847769
46847770
46847771
46847772
46847773
46847774
46847775
46847778
46847780
46847781
46847783
46847784
46847786
46847790
46847791
46847792
46847793
46847794
46847795
46847796
46847797
46847798
46847799
46847801
46847802
46847803
46847804
46847805
46847806
46847807
46847810
46847811
46847812
46847813
46847814
46847815
46847817
46847818
46847819
46847820
46847821
46847822
46847823
46847824
46847826
46847827
46847828
46847829
46847830
46847831
46847832
46847833
46847835
46847839
46847841
46847842
46847844
46847845
46847847
46847848
46847849
46847850
46847852
46847853
46847854
46847855
46847856
46847857
46847858
46847859
46847860
46847861
46847862
46847863
46847864
46847865
46847866
46847867
46847868
46847869
46847871
46847872
46847873
46847874
46847875
46847878
46847880
46847882
46847883
46847884
46847887
46847888
46847890
46847892
46847893
46847894
46847895
46847896
46847897
46847898
46847899
46847900
46847901
46847902
46847903
46847904
46847905
46847906
46847907
46847908
46847909
46847910
46847911
46847912
46847913
46847914
46847915
46847916
46847917
46847918
46847919
46847920
46847921
46847922
46847923
46847924
46847925
46847926
46847927
46847928
46847929
46847930
46847932
46847933
46847934
46847936
46847938
46847939
46847940
46847942
46847943
46847944
46847945
46847946
46847948
46847949
46847950
46847952
46847953
46847955
46847957
46847958
46847959
46847960
46847961
46847962
46847963
46847964
46847965
46847966
46847967
46847968
46847969
46847971
46847972
46847973
46847974
46847975
46847977
46847978
46847979
46847980
46847982
46847984
46847985
46847986
46847987
46847988
46847989
46847991
46847992
46847993
46847994
46847995
46847996
46847997
46847998
46847999
46848001
46848003
46848005
46848006
46848008
46848009
46848010
46848011
46848012
46848013
46848014
46848015
46848016
46848017
46848018
46848019
46848020
46848023
46848025
46848026
46848027
46848028
46848029
46848030
46848031
46848032
46848034
46848037
46848038
46848039
46848040
46848041
46848042
46848043
46848044
46848045
46848049
46848050
46848051
46848052
46848053
46848054
46848055
46848056
46848058
46848059
46848060
46848061
46848062
46848063
46848064
46848067
46848068
46848069
46848070
46848071
46848072
46848073
46848075
46848076
46848077
46848078
46848079
46848080
46848082
46848083
46848084
46848085
46848087
46848088
46848089
46848091
46848092
46848093
46848095
46848096
46848098
46848099
46848100
46848101
46848103
46848104
46848107
46848108
46848109
46848110
46848111
46848112
46848113
46848114
46848115
46848116
46848117
46848119
46848120
46848121
46848123
46848125
46848126
46848128
46848129
46848131
46848132
46848133
46848135
46848136
46848137
46848139
46848140
46848141
46848142
46848143
46848144
46848145
46848146
46848149
46848150
46848151
46848152
46848153
46848154
46848155
46848156
46848157
46848158
46848159
46848160
46848161
46848162
46848163
46848164
46848165
46848167
46848168
46848169
46848170
46848171
46848172
46848173
46848174
46848175
46848176
46848177
46848179
46848181
46848183
46848184
46848185
46848186
46848187
46848188
46848189
46848190
46848191
46848192
46848193
46848195
46848196
46848197
46848199
46848200
46848201
46848203
46848204
46848210
46848211
46848212
46848213
46848215
46848216
46848217
46848218
46848219
46848220
46848221
46848223
46848224
46848226
46848227
46848229
46848231
46848232
46848234
46848235
46848236
46848237
46848238
46848239
46848240
46848241
46848242
46848243
46848245
46848246
46848247
46848248
46848249
46848250
46848252
46848254
46848255
46848256
46848257
46848260
46848261
46848263
46848264
46848265
46848266
46848267
46848271
46848272
46848273
46848274
46848275
46848277
46848278
46848279
46848280
46848281
46848282
46848283
46848284
46848285
46848286
46848287
46848288
46848289
46848291
46848292
46848293
46848294
46848296
46848297
46848298
46848299
46848300
46848302
46848303
46848304
46848305
46848306
46848307
46848308
46848309
46848310
46848312
46848313
46848315
46848316
46848317
46848318
46848319
46848321
46848322
46848323
46848324
46848325
46848326
46848327
46848330
46848332
46848333
46848334
46848336
46848337
46848339
46848340
46848341
46848342
46848343
46848344
46848346
46848347
46848348
46848349
46848350
46848351
46848352
46848353
46848354
46848356
46848357
46848358
46848360
46848361
46848364
46848365
46848368
46848369
46848370
46848371
46848372
46848373
46848374
46848375
46848376
46848378
46848379
46848380
46848381
46848382
46848384
46848385
46848386
46848387
46848388
46848389
46848390
46848392
46848393
46848396
46848397
46848398
46848400
46848401
46848402
46848403
46848404
46848405
46848406
46848407
46848408
46848410
46848411
46848412
46848413
46848414
46848415
46848416
46848417
46848418
46848419
46848420
46848421
46848422
46848423
46848424
46848425
46848428
46848431
46848432
46848433
46848434
46848435
46848438
46848439
46848440
46848442
46848443
46848444
46848445
46848446
46848448
46848449
46848450
46848451
46848452
46848454
46848455
46848456
46848457
46848458
46848460
46848464
46848466
46848469
46848470
46848471
46848472
46848473
46848474
46848475
46848476
46848477
46848478
46848479
46848480
46848481
46848482
46848483
46848484
46848485
46848486
46848487
46848488
46848489
46848490
46848491
46848492
46848496
46848498
46848499
46848500
46848501
46848502
46848503
46848504
46848506
46848507
46848509
46848510
46848511
46848512
46848513
46848514
46848515
46848516
46848517
46848518
46848519
46848520
46848522
46848523
46848525
46848526
46848528
46848530
46848532
46848536
46848537
46848538
46848539
46848541
46848542
46848543
46848544
46848546
46848547
46848548
46848549
46848550
46848551
46848552
46848553
46848554
46848555
46848557
46848558
46848559
46848560
46848561
46848563
46848564
46848566
46848567
46848569
46848570
46848572
46848573
46848578
46848579
46848580
46848581
46848585
46848588
46848589
46848590
46848593
46848594
46848595
46848597
46848598
46848600
46848601
46848603
46848604
46848605
46848606
46848607
46848608
46848609
46848610
46848611
46848612
46848613
46848614
46848618
46848619
46848621
46848622
46848623
46848624
46848625
46848626
46848628
46848630
46848632
46848633
46848635
46848637
46848638
46848639
46848640
46848641
46848642
46848643
46848644
46848645
46848647
46848648
46848649
46848650
46848651
46848652
46848654
46848655
46848657
46848658
46848659
46848660
46848661
46848662
46848663
46848664
46848666
46848667
46848669
46848670
46848671
46848672
46848673
46848674
46848675
46848676
46848677
46848679
46848682
46848684
46848687
46848688
46848689
46848690
46848691
46848692
46848693
46848695
46848696
46848697
46848698
46848699
46848700
46848701
46848702
46848705
46848706
46848707
46848708
46848709
46848710
46848711
46848712
46848715
46848716
46848717
46848718
46848723
46848724
46848725
46848727
46848728
46848729
46848730
46848731
46848733
46848734
46848735
46848736
46848737
46848738
46848739
46848740
46848741
46848742
46848744
46848746
46848747
46848748
46848749
46848752
46848753
46848754
46848755
46848756
46848757
46848758
46848759
46848761
46848763
46848764
46848765
46848766
46848767
46848769
46848771
46848772
46848773
46848774
46848776
46848777
46848778
46848779
46848780
46848781
46848782
46848783
46848784
46848785
46848786
46848787
46848788
46848789
46848790
46848791
46848793
46848794
46848795
46848797
46848798
46848799
46848800
46848801
46848802
46848803
46848804
46848805
46848808
46848809
46848810
46848811
46848812
46848815
46848816
46848817
46848818
46848819
46848820
46848821
46848822
46848823
46848824
46848825
46848829
46848830
46848831
46848832
46848833
46848834
46848835
46848836
46848837
46848838
46848839
46848840
46848841
46848842
46848844
46848846
46848847
46848848
46848849
46848850
46848851
46848852
46848853
46848854
46848855
46848856
46848857
46848858
46848859
46848861
46848862
46848864
46848866
46848867
46848868
46848869
46848870
46848871
46848872
46848873
46848875
46848876
46848877
46848878
46848879
46848881
46848882
46848885
46848886
46848887
46848888
46848889
46848892
46848893
46848894
46848895
46848896
46848897
46848898
46848899
46848901
46848903
46848908
46848910
46848911
46848912
46848914
46848915
46848916
46848918
46848919
46848920
46848921
46848923
46848924
46848925
46848926
46848927
46848928
46848929
46848930
46848931
46848932
46848933
46848934
46848936
46848938
46848939
46848940
46848941
46848942
46848944
46848945
46848946
46848948
46848949
46848951
46848952
46848953
46848954
46848956
46848957
46848958
46848959
46848960
46848961
46848962
46848963
46848964
46848965
46848966
46848969
46848971
46848972
46848973
46848974
46848975
46848977
46848978
46848979
46848981
46848982
46848983
46848984
46848985
46848986
46848988
46848989
46848990
46848991
46848992
46848993
46848996
46848998
46848999
46849000
46849001
46849003
46849005
46849006
46849007
46849008
46849009
46849010
46849011
46849012
46849013
46849014
46849015
46849016
46849020
46849022
46849023
46849024
46849025
46849026
46849027
46849028
46849030
46849032
46849033
46849034
46849035
46849036
46849037
46849038
46849040
46849041
46849042
46849043
46849044
46849046
46849047
46849049
46849050
46849051
46849052
46849053
46849054
46849055
46849056
46849058
46849061
46849062
46849063
46849064
46849065
46849066
46849067
46849068
46849071
46849072
46849073
46849074
46849075
46849076
46849077
46849079
46849080
46849082
46849083
46849084
46849085
46849086
46849088
46849089
46849090
46849091
46849092
46849093
46849094
46849095
46849097
46849098
46849099
46849100
46849101
46849102
46849103
46849107
46849108
46849109
46849112
46849114
46849115
46849117
46849118
46849119
46849120
46849121
46849124
46849125
46849126
46849127
46849130
46849131
46849133
46849135
46849137
46849138
46849139
46849140
46849141
46849142
46849143
46849147
46849148
46849149
46849150
46849151
46849152
46849153
46849154
46849155
46849156
46849157
46849158
46849162
46849164
46849165
46849166
46849167
46849168
46849172
46849173
46849174
46849176
46849178
46849181
46849183
46849184
46849185
46849186
46849187
46849189
46849191
46849192
46849194
46849195
46849196
46849197
46849198
46849199
46849200
46849201
46849203
46849204
46849205
46849208
46849209
46849210
46849211
46849212
46849213
46849214
46849215
46849216
46849217
46849219
46849220
46849221
46849222
46849223
46849224
46849226
46849227
46849228
46849229
46849230
46849231
46849233
46849234
46849235
46849236
46849237
46849238
46849240
46849241
46849242
46849244
46849245
46849246
46849247
46849248
46849249
46849250
46849252
46849254
46849255
46849257
46849260
46849261
46849262
46849263
46849264
46849265
46849266
46849268
46849269
46849270
46849271
46849272
46849273
46849274
46849275
46849277
46849278
46849279
46849280
46849281
46849282
46849283
46849284
46849285
46849287
46849288
46849289
46849290
46849291
46849292
46849293
46849294
46849295
46849296
46849297
46849298
46849299
46849300
46849302
46849303
46849305
46849306
46849307
46849308
46849309
46849310
46849311
46849312
46849313
46849314
46849315
46849316
46849317
46849318
46849320
46849321
46849322
46849323
46849324
46849326
46849327
46849330
46849331
46849332
46849333
46849334
46849335
46849336
46849337
46849338
46849339
46849341
46849344
46849345
46849347
46849349
46849350
46849351
46849352
46849353
46849354
46849355
46849356
46849357
46849358
46849360
46849362
46849363
46849364
46849365
46849368
46849370
46849371
46849372
46849373
46849375
46849377
46849378
46849379
46849380
46849382
46849383
46849384
46849385
46849386
46849387
46849388
46849389
46849390
46849391
46849393
46849394
46849395
46849397
46849398
46849399
46849403
46849404
46849405
46849406
46849407
46849409
46849410
46849413
46849414
46849415
46849416
46849417
46849418
46849419
46849420
46849421
46849422
46849423
46849424
46849425
46849426
46849432
46849433
46849434
46849436
46849437
46849439
46849440
46849441
46849443
46849445
46849448
46849449
46849450
46849451
46849452
46849453
46849454
46849456
46849457
46849458
46849459
46849460
46849461
46849463
46849465
46849466
46849467
46849468
46849470
46849471
46849472
46849473
46849474
46849476
46849477
46849478
46849479
46849481
46849482
46849483
46849484
46849485
46849486
46849488
46849491
46849493
46849495
46849496
46849497
46849499
46849500
46849501
46849503
46849504
46849505
46849506
46849507
46849510
46849511
46849513
46849515
46849516
46849518
46849519
46849520
46849521
46849522
46849523
46849524
46849525
46849526
46849527
46849528
46849529
46849530
46849532
46849533
46849534
46849535
46849536
46849538
46849539
46849541
46849543
46849544
46849546
46849547
46849548
46849549
46849550
46849552
46849553
46849554
46849556
46849557
46849558
46849559
46849560
46849562
46849566
46849567
46849568
46849569
46849571
46849573
46849574
46849575
46849576
46849577
46849578
46849579
46849581
46849583
46849585
46849587
46849588
46849589
46849590
46849591
46849592
46849593
46849595
46849596
46849597
46849598
46849599
46849600
46849601
46849602
46849605
46849606
46849607
46849608
46849609
46849610
46849611
46849612
46849613
46849615
46849616
46849617
46849620
46849621
46849622
46849623
46849624
46849626
46849627
46849628
46849629
46849630
46849631
46849632
46849633
46849634
46849635
46849636
46849637
46849638
46849639
46849640
46849641
46849642
46849643
46849645
46849646
46849647
46849648
46849649
46849650
46849651
46849652
46849653
46849654
46849655
46849656
46849657
46849659
46849661
46849662
46849663
46849665
46849668
46849669
46849670
46849671
46849672
46849673
46849675
46849676
46849677
46849678
46849679
46849680
46849681
46849682
46849683
46849685
46849686
46849688
46849689
46849691
46849693
46849694
46849695
46849696
46849698
46849699
46849700
46849701
46849702
46849703
46849704
46849706
46849707
46849710
46849711
46849713
46849714
46849715
46849717
46849718
46849719
46849720
46849724
46849725
46849727
46849728
46849730
46849731
46849732
46849734
46849736
46849737
46849738
46849739
46849740
46849741
46849742
46849743
46849744
46849745
46849746
46849747
46849749
46849750
46849751
46849752
46849753
46849755
46849756
46849757
46849759
46849760
46849761
46849763
46849764
46849765
46849766
46849767
46849769
46849770
46849771
46849772
46849773
46849774
46849775
46849776
46849778
46849779
46849780
46849781
46849782
46849783
46849784
46849785
46849786
46849787
46849789
46849790
46849791
46849792
46849794
46849796
46849797
46849798
46849799
46849800
46849801
46849803
46849805
46849806
46849807
46849808
46849809
46849810
46849811
46849812
46849813
46849816
46849817
46849818
46849819
46849821
46849823
46849824
46849825
46849826
46849827
46849828
46849829
46849830
46849831
46849832
46849833
46849834
46849836
46849837
46849839
46849840
46849841
46849842
46849843
46849844
46849845
46849846
46849847
46849848
46849850
46849851
46849852
46849853
46849854
46849857
46849858
46849859
46849860
46849861
46849862
46849864
46849866
46849867
46849869
46849871
46849872
46849873
46849875
46849877
46849878
46849879
46849880
46849881
46849882
46849883
46849884
46849886
46849887
46849889
46849890
46849891
46849892
46849894
46849895
46849896
46849897
46849899
46849900
46849901
46849902
46849903
46849905
46849908
46849910
46849911
46849912
46849913
46849914
46849915
46849916
46849917
46849918
46849919
46849920
46849921
46849922
46849924
46849925
46849926
46849927
46849928
46849929
46849930
46849932
46849934
46849935
46849937
46849938
46849939
46849940
46849943
46849945
46849946
46849947
46849949
46849950
46849951
46849952
46849953
46849954
46849955
46849956
46849958
46849960
46849961
46849963
46849964
46849965
46849967
46849968
46849969
46849970
46849971
46849972
46849973
46849974
46849976
46849977
46849978
46849979
46849980
46849981
46849983
46849984
46849986
46849987
46849988
46849989
46849991
46849992
46849993
46849995
46849996
46849997
46849999
46850000
46850001
46850003
46850004
46850005
46850008
46850010
46850011
46850012
46850013
46850014
46850015
46850018
46850020
46850021
46850022
46850023
46850024
46850025
46850027
46850029
46850030
46850031
46850032
46850033
46850035
46850037
46850038
46850039
46850040
46850041
46850043
46850045
46850046
46850048
46850049
46850050
46850051
46850052
46850053
46850054
46850055
46850056
46850057
46850058
46850059
46850060
46850062
46850063
46850064
46850065
46850066
46850067
46850068
46850069
46850070
46850071
46850072
46850074
46850076
46850077
46850079
46850081
46850082
46850083
46850084
46850086
46850087
46850089
46850090
46850091
46850092
46850093
46850094
46850095
46850096
46850097
46850098
46850099
46850101
46850102
46850103
46850104
46850105
46850106
46850107
46850108
46850109
46850110
46850112
46850114
46850115
46850116
46850117
46850118
46850119
46850121
46850122
46850123
46850124
46850125
46850126
46850127
46850128
46850130
46850131
46850132
46850133
46850134
46850135
46850137
46850138
46850139
46850140
46850141
46850142
46850143
46850144
46850145
46850147
46850148
46850149
46850150
46850151
46850152
46850153
46850154
46850155
46850156
46850157
46850159
46850160
46850161
46850162
46850163
46850164
46850165
46850166
46850167
46850169
46850170
46850171
46850173
46850174
46850176
46850177
46850178
46850179
46850180
46850182
46850183
46850185
46850186
46850187
46850188
46850189
46850190
46850191
46850192
46850194
46850196
46850197
46850198
46850199
46850200
46850201
46850203
46850204
46850205
46850206
46850207
46850209
46850210
46850212
46850213
46850214
46850215
46850217
46850218
46850219
46850220
46850221
46850223
46850224
46850225
46850226
46850228
46850230
46850231
46850232
46850233
46850234
46850235
46850236
46850237
46850238
46850239
46850240
46850241
46850244
46850245
46850246
46850247
46850249
46850250
46850251
46850252
46850254
46850256
46850257
46850258
46850259
46850260
46850262
46850263
46850264
46850265
46850266
46850267
46850268
46850270
46850271
46850272
46850273
46850275
46850277
46850278
46850280
46850281
46850282
46850284
46850285
46850286
46850287
46850288
46850289
46850290
46850291
46850292
46850293
46850295
46850296
46850297
46850298
46850299
46850301
46850302
46850303
46850304
46850305
46850306
46850307
46850308
46850309
46850310
46850311
46850313
46850314
46850315
46850316
46850317
46850318
46850320
46850321
46850322
46850323
46850324
46850325
46850326
46850327
46850329
46850330
46850331
46850334
46850335
46850336
46850337
46850338
46850339
46850340
46850341
46850343
46850344
46850346
46850348
46850349
46850350
46850351
46850352
46850353
46850354
46850356
46850357
46850358
46850360
46850361
46850362
46850363
46850365
46850366
46850367
46850369
46850370
46850371
46850372
46850374
46850375
46850377
46850382
46850383
46850384
46850385
46850387
46850388
46850390
46850391
46850392
46850393
46850394
46850395
46850396
46850397
46850398
46850399
46850400
46850404
46850405
46850406
46850409
46850410
46850411
46850414
46850415
46850416
46850417
46850418
46850419
46850420
46850422
46850423
46850424
46850425
46850426
46850427
46850429
46850431
46850432
46850433
46850434
46850436
46850437
46850438
46850440
46850441
46850442
46850443
46850444
46850445
46850446
46850447
46850449
46850450
46850451
46850452
46850453
46850454
46850455
46850458
46850459
46850461
46850462
46850463
46850464
46850465
46850466
46850467
46850468
46850469
46850470
46850473
46850475
46850476
46850478
46850479
46850480
46850481
46850482
46850484
46850485
46850488
46850489
46850490
46850491
46850493
46850494
46850495
46850497
46850500
46850502
46850503
46850504
46850505
46850506
46850507
46850508
46850509
46850510
46850511
46850512
46850514
46850515
46850517
46850518
46850519
46850521
46850522
46850523
46850524
46850525
46850527
46850528
46850529
46850530
46850531
46850532
46850533
46850536
46850537
46850539
46850540
46850541
46850542
46850543
46850544
46850545
46850546
46850547
46850550
46850551
46850552
46850553
46850554
46850555
46850556
46850557
46850558
46850560
46850561
46850562
46850564
46850565
46850566
46850567
46850568
46850569
46850570
46850572
46850573
46850574
46850577
46850578
46850579
46850580
46850581
46850582
46850583
46850584
46850585
46850588
46850590
46850591
46850592
46850594
46850595
46850597
46850598
46850601
46850602
46850603
46850605
46850606
46850607
46850609
46850610
46850612
46850613
46850614
46850615
46850617
46850618
46850619
46850620
46850621
46850622
46850624
46850625
46850626
46850628
46850630
46850631
46850632
46850633
46850634
46850635
46850636
46850638
46850639
46850640
46850642
46850643
46850644
46850645
46850646
46850647
46850648
46850650
46850651
46850652
46850653
46850654
46850655
46850656
46850660
46850663
46850665
46850666
46850667
46850668
46850669
46850670
46850671
46850672
46850673
46850674
46850675
46850676
46850677
46850678
46850679
46850681
46850682
46850683
46850684
46850685
46850688
46850689
46850691
46850692
46850693
46850694
46850695
46850696
46850697
46850698
46850699
46850700
46850701
46850702
46850703
46850704
46850705
46850706
46850707
46850708
46850709
46850710
46850712
46850713
46850714
46850715
46850716
46850717
46850718
46850719
46850720
46850721
46850723
46850724
46850725
46850727
46850728
46850729
46850730
46850731
46850732
46850733
46850734
46850735
46850737
46850738
46850739
46850740
46850741
46850742
46850743
46850744
46850745
46850746
46850747
46850748
46850749
46850750
46850751
46850752
46850754
46850755
46850756
46850757
46850758
46850760
46850762
46850764
46850765
46850766
46850767
46850769
46850770
46850771
46850772
46850774
46850775
46850776
46850777
46850779
46850780
46850781
46850782
46850783
46850786
46850790
46850791
46850793
46850794
46850795
46850796
46850797
46850799
46850800
46850801
46850802
46850804
46850805
46850806
46850807
46850809
46850810
46850811
46850812
46850813
46850814
46850816
46850817
46850819
46850820
46850821
46850822
46850826
46850827
46850828
46850829
46850830
46850831
46850833
46850835
46850836
46850837
46850838
46850841
46850845
46850846
46850847
46850848
46850850
46850851
46850852
46850853
46850855
46850857
46850858
46850860
46850861
46850862
46850863
46850864
46850865
46850869
46850870
46850871
46850872
46850873
46850875
46850876
46850877
46850878
46850879
46850880
46850882
46850883
46850884
46850887
46850888
46850889
46850891
46850892
46850893
46850894
46850895
46850896
46850897
46850898
46850899
46850900
46850901
46850902
46850904
46850905
46850906
46850907
46850908
46850909
46850910
46850911
46850912
46850913
46850914
46850915
46850916
46850917
46850918
46850919
46850920
46850921
46850923
46850924
46850925
46850926
46850928
46850929
46850930
46850932
46850934
46850935
46850936
46850937
46850938
46850939
46850940
46850941
46850943
46850944
46850946
46850947
46850948
46850949
46850950
46850951
46850952
46850953
46850954
46850955
46850956
46850957
46850958
46850959
46850962
46850963
46850964
46850965
46850967
46850968
46850970
46850971
46850972
46850974
46850975
46850977
46850978
46850979
46850980
46850982
46850983
46850984
46850985
46850987
46850988
46850990
46850991
46850992
46850993
46850995
46850997
46851000
46851001
46851002
46851004
46851005
46851006
46851007
46851008
46851009
46851010
46851011
46851012
46851013
46851014
46851015
46851016
46851017
46851018
46851020
46851021
46851023
46851025
46851026
46851027
46851029
46851030
46851031
46851032
46851033
46851035
46851036
46851038
46851040
46851041
46851042
46851043
46851044
46851045
46851046
46851047
46851048
46851049
46851050
46851051
46851053
46851054
46851055
46851056
46851057
46851058
46851059
46851061
46851062
46851064
46851065
46851066
46851067
46851069
46851070
46851071
46851072
46851073
46851074
46851078
46851079
46851080
46851081
46851083
46851084
46851085
46851087
46851089
46851091
46851092
46851093
46851094
46851095
46851096
46851098
46851099
46851100
46851101
46851102
46851104
46851105
46851107
46851108
46851109
46851111
46851112
46851113
46851114
46851115
46851116
46851118
46851119
46851122
46851124
46851125
46851126
46851127
46851128
46851129
46851130
46851131
46851132
46851133
46851134
46851135
46851136
46851138
46851139
46851140
46851141
46851143
46851144
46851145
46851146
46851147
46851148
46851149
46851150
46851151
46851152
46851154
46851155
46851156
46851157
46851158
46851161
46851162
46851163
46851164
46851165
46851166
46851167
46851168
46851169
46851170
46851171
46851173
46851175
46851176
46851177
46851179
46851180
46851181
46851182
46851183
46851185
46851186
46851188
46851190
46851191
46851192
46851193
46851194
46851195
46851196
46851197
46851198
46851199
46851200
46851201
46851202
46851204
46851206
46851207
46851208
46851209
46851211
46851213
46851214
46851215
46851216
46851217
46851218
46851219
46851220
46851221
46851222
46851223
46851224
46851225
46851226
46851227
46851228
46851229
46851230
46851231
46851232
46851233
46851234
46851235
46851236
46851237
46851238
46851239
46851240
46851241
46851242
46851243
46851245
46851246
46851247
46851248
46851249
46851250
46851251
46851252
46851253
46851254
46851257
46851259
46851261
46851262
46851264
46851265
46851266
46851267
46851268
46851270
46851271
46851272
46851273
46851274
46851275
46851276
46851277
46851278
46851282
46851284
46851289
46851290
46851291
46851292
46851293
46851294
46851296
46851297
46851299
46851300
46851301
46851302
46851304
46851305
46851306
46851307
46851308
46851309
46851310
46851311
46851312
46851313
46851314
46851315
46851317
46851319
46851321
46851322
46851323
46851324
46851325
46851326
46851327
46851328
46851329
46851330
46851332
46851334
46851335
46851336
46851338
46851339
46851340
46851341
46851342
46851343
46851346
46851347
46851348
46851349
46851350
46851351
46851352
46851353
46851354
46851355
46851357
46851358
46851360
46851361
46851362
46851364
46851365
46851367
46851368
46851369
46851370
46851371
46851374
46851375
46851376
46851377
46851379
46851381
46851383
46851384
46851385
46851386
46851387
46851388
46851389
46851390
46851391
46851392
46851393
46851394
46851395
46851396
46851397
46851398
46851399
46851400
46851401
46851402
46851403
46851405
46851407
46851408
46851409
46851410
46851411
46851412
46851413
46851417
46851418
46851419
46851421
46851422
46851424
46851425
46851426
46851427
46851428
46851429
46851430
46851431
46851432
46851433
46851434
46851436
46851437
46851439
46851440
46851441
46851442
46851443
46851444
46851445
46851446
46851447
46851449
46851450
46851451
46851452
46851453
46851454
46851455
46851456
46851457
46851458
46851459
46851460
46851461
46851462
46851463
46851464
46851466
46851467
46851468
46851469
46851470
46851471
46851472
46851473
46851474
46851475
46851476
46851477
46851478
46851480
46851481
46851482
46851483
46851485
46851487
46851488
46851489
46851490
46851492
46851493
46851496
46851497
46851498
46851499
46851503
46851504
46851505
46851506
46851507
46851508
46851509
46851510
46851511
46851513
46851514
46851515
46851516
46851517
46851518
46851519
46851522
46851524
46851525
46851526
46851527
46851528
46851529
46851530
46851531
46851532
46851533
46851534
46851535
46851536
46851538
46851540
46851541
46851542
46851543
46851545
46851546
46851547
46851548
46851550
46851551
46851552
46851553
46851555
46851556
46851557
46851558
46851559
46851560
46851562
46851563
46851564
46851565
46851566
46851567
46851569
46851570
46851572
46851573
46851574
46851575
46851576
46851577
46851578
46851579
46851580
46851582
46851583
46851584
46851586
46851587
46851588
46851590
46851592
46851593
46851594
46851595
46851596
46851597
46851598
46851599
46851600
46851601
46851602
46851604
46851605
46851609
46851610
46851612
46851613
46851614
46851615
46851616
46851618
46851619
46851621
46851622
46851624
46851625
46851626
46851627
46851628
46851629
46851630
46851631
46851633
46851635
46851636
46851637
46851638
46851639
46851640
46851641
46851643
46851644
46851645
46851646
46851647
46851649
46851650
46851651
46851652
46851653
46851655
46851656
46851657
46851659
46851660
46851661
46851662
46851663
46851664
46851665
46851666
46851668
46851671
46851672
46851674
46851675
46851676
46851677
46851678
46851679
46851680
46851681
46851683
46851684
46851685
46851686
46851687
46851689
46851690
46851691
46851694
46851695
46851696
46851697
46851698
46851699
46851700
46851701
46851702
46851703
46851705
46851706
46851707
46851708
46851709
46851710
46851711
46851712
46851715
46851716
46851718
46851719
46851720
46851722
46851723
46851725
46851726
46851727
46851728
46851729
46851730
46851731
46851732
46851733
46851735
46851736
46851737
46851740
46851741
46851743
46851744
46851747
46851749
46851750
46851751
46851753
46851755
46851756
46851758
46851759
46851760
46851763
46851764
46851767
46851768
46851769
46851770
46851771
46851772
46851774
46851775
46851776
46851777
46851778
46851779
46851781
46851782
46851783
46851784
46851785
46851786
46851787
46851789
46851790
46851792
46851793
46851795
46851796
46851797
46851798
46851799
46851801
46851802
46851803
46851804
46851807
46851808
46851810
46851812
46851814
46851815
46851816
46851817
46851818
46851819
46851821
46851822
46851823
46851824
46851825
46851826
46851827
46851828
46851829
46851830
46851832
46851833
46851834
46851837
46851838
46851839
46851840
46851841
46851842
46851844
46851845
46851846
46851849
46851850
46851851
46851852
46851853
46851854
46851855
46851856
46851857
46851858
46851860
46851861
46851862
46851863
46851864
46851866
46851867
46851868
46851869
46851871
46851872
46851874
46851875
46851876
46851877
46851878
46851879
46851880
46851881
46851882
46851884
46851885
46851886
46851887
46851888
46851889
46851890
46851891
46851892
46851893
46851894
46851895
46851896
46851897
46851898
46851899
46851900
46851901
46851903
46851904
46851905
46851906
46851907
46851908
46851909
46851910
46851911
46851912
46851913
46851914
46851916
46851917
46851918
46851920
46851921
46851922
46851923
46851924
46851925
46851926
46851928
46851929
46851931
46851932
46851935
46851936
46851937
46851938
46851939
46851941
46851942
46851943
46851944
46851945
46851946
46851948
46851951
46851952
46851953
46851954
46851956
46851957
46851958
46851959
46851960
46851961
46851962
46851963
46851968
46851970
46851971
46851972
46851973
46851974
46851976
46851977
46851978
46851979
46851980
46851982
46851983
46851984
46851985
46851986
46851987
46851988
46851989
46851990
46851991
46851992
46851993
46851994
46851995
46851996
46851997
46851998
46851999
46852000
46852001
46852002
46852004
46852005
46852006
46852007
46852008
46852009
46852011
46852012
46852013
46852014
46852015
46852016
46852018
46852019
46852020
46852022
46852023
46852024
46852025
46852026
46852027
46852028
46852029
46852030
46852031
46852033
46852035
46852036
46852037
46852038
46852039
46852041
46852042
46852043
46852044
46852045
46852046
46852048
46852049
46852050
46852051
46852052
46852053
46852054
46852055
46852057
46852058
46852060
46852061
46852062
46852063
46852064
46852065
46852066
46852067
46852068
46852069
46852070
46852071
46852072
46852073
46852074
46852075
46852076
46852077
46852079
46852080
46852081
46852082
46852083
46852084
46852085
46852086
46852087
46852088
46852089
46852090
46852091
46852092
46852093
46852094
46852095
46852097
46852100
46852101
46852102
46852104
46852106
46852107
46852109
46852110
46852111
46852112
46852113
46852114
46852116
46852117
46852119
46852120
46852122
46852123
46852124
46852125
46852126
46852127
46852128
46852129
46852130
46852131
46852133
46852134
46852135
46852136
46852141
46852143
46852144
46852145
46852146
46852147
46852148
46852149
46852150
46852153
46852154
46852155
46852156
46852157
46852159
46852160
46852161
46852163
46852165
46852166
46852167
46852168
46852169
46852171
46852172
46852173
46852174
46852175
46852176
46852177
46852179
46852180
46852181
46852182
46852183
46852184
46852186
46852187
46852188
46852189
46852190
46852194
46852195
46852196
46852197
46852198
46852199
46852200
46852202
46852203
46852204
46852205
46852206
46852207
46852209
46852210
46852211
46852212
46852214
46852215
46852216
46852217
46852218
46852219
46852220
46852221
46852222
46852223
46852224
46852227
46852228
46852229
46852230
46852232
46852233
46852235
46852236
46852237
46852238
46852240
46852241
46852242
46852243
46852244
46852245
46852246
46852247
46852249
46852250
46852251
46852252
46852254
46852255
46852256
46852257
46852258
46852261
46852262
46852263
46852265
46852266
46852267
46852268
46852269
46852270
46852273
46852275
46852277
46852278
46852280
46852281
46852282
46852283
46852284
46852285
46852286
46852287
46852288
46852289
46852290
46852291
46852292
46852293
46852294
46852296
46852298
46852299
46852300
46852301
46852302
46852303
46852304
46852305
46852306
46852308
46852309
46852310
46852311
46852312
46852313
46852315
46852316
46852317
46852318
46852319
46852320
46852321
46852323
46852324
46852325
46852326
46852327
46852328
46852329
46852330
46852331
46852332
46852333
46852334
46852335
46852336
46852339
46852340
46852341
46852342
46852343
46852345
46852346
46852347
46852348
46852349
46852350
46852351
46852352
46852353
46852354
46852356
46852357
46852358
46852359
46852360
46852361
46852362
46852363
46852366
46852367
46852368
46852369
46852370
46852371
46852372
46852373
46852374
46852376
46852377
46852379
46852381
46852382
46852384
46852385
46852388
46852389
46852390
46852391
46852392
46852394
46852395
46852396
46852397
46852398
46852400
46852401
46852404
46852405
46852406
46852408
46852409
46852410
46852411
46852412
46852413
46852414
46852416
46852418
46852419
46852420
46852421
46852424
46852425
46852426
46852427
46852428
46852429
46852431
46852432
46852433
46852434
46852435
46852436
46852437
46852438
46852441
46852442
46852443
46852444
46852445
46852446
46852447
46852448
46852449
46852450
46852451
46852452
46852453
46852454
46852456
46852457
46852458
46852459
46852460
46852461
46852462
46852464
46852465
46852467
46852468
46852469
46852471
46852472
46852473
46852474
46852475
46852476
46852479
46852480
46852483
46852484
46852485
46852486
46852487
46852488
46852489
46852490
46852491
46852492
46852493
46852494
46852495
46852496
46852497
46852499
46852500
46852501
46852502
46852503
46852504
46852505
46852506
46852507
46852510
46852513
46852514
46852515
46852516
46852517
46852518
46852519
46852520
46852521
46852522
46852523
46852526
46852527
46852528
46852529
46852530
46852531
46852532
46852533
46852534
46852535
46852536
46852537
46852538
46852540
46852542
46852543
46852545
46852546
46852547
46852548
46852549
46852550
46852551
46852552
46852553
46852554
46852555
46852556
46852557
46852558
46852559
46852560
46852561
46852562
46852563
46852564
46852565
46852566
46852567
46852568
46852571
46852572
46852574
46852575
46852576
46852577
46852578
46852579
46852581
46852582
46852583
46852585
46852586
46852587
46852588
46852589
46852590
46852591
46852592
46852594
46852595
46852596
46852597
46852599
46852600
46852602
46852603
46852605
46852606
46852607
46852608
46852609
46852610
46852611
46852612
46852613
46852615
46852616
46852617
46852619
46852620
46852621
46852623
46852624
46852626
46852627
46852628
46852629
46852630
46852631
46852632
46852633
46852634
46852635
46852638
46852639
46852640
46852641
46852642
46852643
46852644
46852646
46852648
46852649
46852650
46852652
46852653
46852654
46852655
46852656
46852657
46852658
46852659
46852660
46852661
46852662
46852663
46852664
46852665
46852666
46852667
46852668
46852669
46852670
46852671
46852672
46852673
46852674
46852675
46852676
46852677
46852678
46852679
46852680
46852681
46852682
46852683
46852684
46852685
46852687
46852688
46852689
46852690
46852693
46852695
46852697
46852698
46852699
46852700
46852702
46852704
46852705
46852707
46852708
46852709
46852713
46852715
46852718
46852719
46852720
46852721
46852722
46852723
46852724
46852725
46852727
46852729
46852730
46852731
46852732
46852733
46852734
46852735
46852737
46852738
46852739
46852740
46852741
46852742
46852743
46852746
46852747
46852748
46852749
46852751
46852752
46852753
46852754
46852755
46852756
46852757
46852758
46852759
46852760
46852761
46852763
46852764
46852766
46852767
46852769
46852770
46852771
46852772
46852773
46852774
46852775
46852777
46852778
46852779
46852780
46852784
46852785
46852786
46852787
46852791
46852793
46852796
46852797
46852800
46852802
46852803
46852804
46852805
46852806
46852807
46852808
46852809
46852810
46852811
46852812
46852813
46852814
46852815
46852816
46852817
46852819
46852820
46852822
46852823
46852824
46852826
46852827
46852828
46852829
46852830
46852832
46852833
46852834
46852835
46852836
46852838
46852839
46852840
46852841
46852842
46852843
46852845
46852849
46852850
46852851
46852853
46852854
46852855
46852856
46852857
46852858
46852859
46852860
46852861
46852862
46852863
46852864
46852865
46852866
46852867
46852869
46852870
46852871
46852872
46852873
46852875
46852876
46852877
46852879
46852880
46852882
46852883
46852884
46852885
46852887
46852888
46852889
46852890
46852891
46852892
46852893
46852895
46852897
46852899
46852900
46852901
46852902
46852903
46852904
46852905
46852907
46852908
46852909
46852910
46852911
46852912
46852914
46852918
46852919
46852922
46852923
46852924
46852925
46852926
46852927
46852928
46852929
46852930
46852931
46852932
46852933
46852934
46852936
46852937
46852938
46852939
46852940
46852941
46852945
46852947
46852948
46852949
46852950
46852953
46852954
46852955
46852956
46852957
46852958
46852959
46852960
46852961
46852962
46852964
46852965
46852966
46852968
46852970
46852971
46852972
46852973
46852974
46852975
46852976
46852977
46852979
46852980
46852981
46852982
46852983
46852984
46852985
46852986
46852987
46852988
46852989
46852990
46852991
46852992
46852993
46852994
46852996
46852997
46852998
46852999
46853000
46853001
46853003
46853004
46853006
46853008
46853009
46853010
46853011
46853012
46853013
46853014
46853016
46853017
46853018
46853019
46853020
46853021
46853022
46853023
46853024
46853025
46853026
46853027
46853029
46853030
46853031
46853032
46853033
46853034
46853035
46853036
46853037
46853038
46853040
46853041
46853043
46853044
46853046
46853050
46853051
46853052
46853054
46853055
46853056
46853057
46853059
46853060
46853061
46853063
46853064
46853065
46853067
46853070
46853071
46853072
46853073
46853074
46853075
46853076
46853077
46853078
46853079
46853080
46853082
46853083
46853086
46853088
46853089
46853090
46853091
46853092
46853093
46853094
46853095
46853097
46853099
46853100
46853102
46853103
46853104
46853105
46853107
46853108
46853109
46853110
46853111
46853113
46853114
46853115
46853118
46853119
46853120
46853122
46853123
46853124
46853126
46853128
46853129
46853130
46853133
46853135
46853136
46853137
46853138
46853139
46853140
46853141
46853142
46853143
46853144
46853146
46853147
46853148
46853149
46853150
46853151
46853152
46853153
46853157
46853158
46853159
46853160
46853162
46853163
46853164
46853166
46853167
46853169
46853170
46853171
46853172
46853173
46853174
46853175
46853176
46853177
46853178
46853179
46853180
46853181
46853182
46853184
46853186
46853187
46853188
46853189
46853190
46853191
46853192
46853193
46853194
46853195
46853196
46853198
46853199
46853200
46853201
46853203
46853204
46853205
46853206
46853207
46853208
46853209
46853210
46853211
46853212
46853214
46853215
46853216
46853219
46853220
46853221
46853222
46853223
46853225
46853226
46853227
46853228
46853229
46853231
46853233
46853234
46853238
46853240
46853241
46853243
46853244
46853246
46853247
46853248
46853249
46853252
46853253
46853254
46853255
46853256
46853257
46853258
46853259
46853261
46853262
46853263
46853264
46853265
46853267
46853269
46853273
46853274
46853275
46853278
46853279
46853280
46853281
46853283
46853285
46853286
46853287
46853288
46853289
46853292
46853293
46853294
46853295
46853296
46853297
46853298
46853300
46853301
46853302
46853303
46853304
46853305
46853306
46853307
46853308
46853309
46853311
46853312
46853314
46853316
46853319
46853320
46853321
46853322
46853324
46853325
46853326
46853328
46853330
46853331
46853332
46853333
46853334
46853335
46853336
46853338
46853339
46853340
46853341
46853342
46853343
46853344
46853345
46853346
46853347
46853348
46853350
46853351
46853352
46853353
46853354
46853355
46853356
46853357
46853360
46853361
46853363
46853364
46853365
46853368
46853369
46853371
46853373
46853374
46853375
46853376
46853377
46853378
46853380
46853381
46853382
46853383
46853384
46853385
46853387
46853388
46853389
46853390
46853391
46853393
46853394
46853395
46853396
46853397
46853398
46853399
46853400
46853402
46853403
46853404
46853405
46853406
46853408
46853409
46853410
46853412
46853413
46853414
46853415
46853416
46853417
46853418
46853420
46853421
46853422
46853424
46853425
46853426
46853428
46853429
46853430
46853431
46853433
46853434
46853436
46853437
46853438
46853440
46853441
46853442
46853444
46853445
46853446
46853447
46853448
46853449
46853450
46853451
46853452
46853453
46853454
46853455
46853456
46853457
46853458
46853461
46853462
46853463
46853466
46853467
46853468
46853469
46853471
46853472
46853473
46853476
46853478
46853479
46853481
46853483
46853484
46853485
46853487
46853488
46853489
46853490
46853491
46853492
46853493
46853494
46853495
46853497
46853498
46853499
46853500
46853501
46853503
46853504
46853505
46853506
46853507
46853510
46853511
46853512
46853513
46853514
46853515
46853518
46853519
46853520
46853521
46853522
46853523
46853524
46853525
46853526
46853527
46853528
46853529
46853531
46853534
46853535
46853538
46853541
46853543
46853544
46853545
46853546
46853547
46853548
46853549
46853550
46853551
46853553
46853554
46853555
46853556
46853557
46853558
46853560
46853561
46853562
46853564
46853568
46853569
46853570
46853574
46853576
46853577
46853578
46853579
46853580
46853582
46853583
46853584
46853585
46853586
46853587
46853588
46853589
46853590
46853591
46853593
46853594
46853595
46853596
46853598
46853599
46853600
46853602
46853603
46853604
46853605
46853606
46853607
46853608
46853609
46853610
46853611
46853612
46853613
46853614
46853615
46853616
46853617
46853618
46853619
46853620
46853621
46853622
46853623
46853624
46853625
46853626
46853627
46853628
46853629
46853630
46853631
46853632
46853633
46853634
46853636
46853637
46853638
46853639
46853640
46853641
46853643
46853644
46853646
46853647
46853648
46853649
46853650
46853651
46853653
46853654
46853655
46853656
46853657
46853658
46853659
46853660
46853661
46853662
46853663
46853665
46853666
46853667
46853668
46853669
46853670
46853672
46853673
46853675
46853676
46853677
46853678
46853681
46853682
46853683
46853684
46853685
46853686
46853687
46853689
46853690
46853691
46853692
46853694
46853695
46853696
46853697
46853698
46853700
46853701
46853703
46853704
46853705
46853708
46853709
46853710
46853711
46853712
46853713
46853714
46853715
46853716
46853717
46853718
46853720
46853722
46853723
46853725
46853727
46853728
46853729
46853731
46853732
46853733
46853734
46853735
46853736
46853738
46853739
46853740
46853741
46853742
46853743
46853744
46853745
46853746
46853747
46853748
46853749
46853750
46853751
46853752
46853753
46853754
46853755
46853756
46853759
46853760
46853761
46853763
46853764
46853765
46853766
46853767
46853768
46853769
46853771
46853772
46853773
46853774
46853775
46853777
46853778
46853779
46853781
46853782
46853783
46853784
46853786
46853787
46853788
46853789
46853790
46853791
46853792
46853793
46853795
46853796
46853797
46853798
46853799
46853800
46853802
46853804
46853805
46853806
46853807
46853808
46853809
46853810
46853811
46853813
46853814
46853815
46853816
46853818
46853819
46853820
46853821
46853823
46853825
46853826
46853827
46853828
46853829
46853831
46853832
46853833
46853834
46853835
46853838
46853839
46853840
46853841
46853842
46853843
46853844
46853845
46853846
46853848
46853849
46853850
46853851
46853852
46853853
46853854
46853855
46853857
46853860
46853862
46853865
46853866
46853867
46853868
46853869
46853870
46853873
46853874
46853875
46853877
46853879
46853880
46853881
46853882
46853884
46853885
46853888
46853889
46853890
46853892
46853893
46853896
46853897
46853898
46853899
46853900
46853902
46853903
46853904
46853905
46853906
46853907
46853908
46853909
46853911
46853912
46853913
46853914
46853915
46853917
46853918
46853919
46853920
46853923
46853924
46853927
46853928
46853929
46853931
46853932
46853933
46853934
46853935
46853936
46853938
46853939
46853940
46853941
46853943
46853944
46853947
46853948
46853949
46853950
46853951
46853952
46853953
46853954
46853955
46853956
46853957
46853958
46853959
46853960
46853961
46853962
46853963
46853964
46853965
46853966
46853967
46853968
46853969
46853971
46853972
46853973
46853974
46853975
46853976
46853977
46853978
46853980
46853981
46853983
46853986
46853987
46853988
46853989
46853990
46853992
46853993
46853994
46853996
46853997
46853998
46853999
46854000
46854001
46854002
46854004
46854005
46854006
46854007
46854008
46854009
46854010
46854011
46854013
46854014
46854016
46854017
46854018
46854019
46854020
46854021
46854023
46854024
46854025
46854026
46854027
46854028
46854029
46854030
46854032
46854033
46854034
46854035
46854036
46854037
46854041
46854044
46854045
46854046
46854047
46854048
46854049
46854051
46854052
46854053
46854055
46854056
46854057
46854058
46854059
46854060
46854061
46854062
46854063
46854064
46854065
46854066
46854067
46854069
46854070
46854071
46854072
46854073
46854074
46854076
46854077
46854078
46854079
46854080
46854082
46854083
46854084
46854085
46854086
46854087
46854089
46854090
46854092
46854093
46854094
46854095
46854096
46854097
46854098
46854099
46854100
46854103
46854104
46854105
46854106
46854107
46854109
46854110
46854111
46854112
46854113
46854114
46854116
46854117
46854118
46854119
46854120
46854122
46854123
46854124
46854125
46854126
46854127
46854129
46854130
46854131
46854132
46854134
46854135
46854136
46854137
46854138
46854139
46854140
46854141
46854143
46854144
46854145
46854146
46854147
46854148
46854149
46854150
46854151
46854152
46854153
46854154
46854155
46854156
46854157
46854158
46854159
46854160
46854161
46854162
46854163
46854164
46854165
46854166
46854167
46854168
46854169
46854170
46854171
46854172
46854174
46854175
46854176
46854177
46854178
46854179
46854181
46854183
46854186
46854187
46854188
46854189
46854190
46854191
46854192
46854194
46854195
46854197
46854198
46854199
46854201
46854202
46854203
46854205
46854207
46854208
46854209
46854210
46854211
46854212
46854214
46854215
46854216
46854217
46854218
46854219
46854221
46854223
46854224
46854228
46854229
46854230
46854231
46854232
46854233
46854234
46854235
46854236
46854237
46854238
46854239
46854240
46854241
46854242
46854243
46854244
46854245
46854246
46854247
46854248
46854250
46854251
46854252
46854253
46854254
46854256
46854257
46854258
46854259
46854260
46854261
46854262
46854263
46854264
46854265
46854266
46854267
46854268
46854269
46854270
46854271
46854273
46854276
46854277
46854278
46854279
46854280
46854281
46854282
46854284
46854285
46854286
46854287
46854288
46854291
46854292
46854293
46854294
46854297
46854299
46854300
46854302
46854303
46854304
46854305
46854308
46854309
46854310
46854311
46854313
46854314
46854317
46854319
46854320
46854321
46854322
46854323
46854324
46854325
46854326
46854327
46854330
46854331
46854335
46854336
46854337
46854338
46854341
46854342
46854344
46854345
46854346
46854348
46854349
46854350
46854351
46854352
46854353
46854354
46854355
46854356
46854357
46854358
46854360
46854362
46854364
46854365
46854366
46854368
46854369
46854370
46854371
46854372
46854373
46854374
46854375
46854376
46854379
46854380
46854381
46854382
46854385
46854386
46854387
46854388
46854389
46854390
46854391
46854392
46854393
46854394
46854395
46854397
46854398
46854399
46854400
46854401
46854402
46854403
46854406
46854407
46854408
46854409
46854410
46854411
46854412
46854413
46854414
46854415
46854417
46854419
46854420
46854421
46854422
46854423
46854424
46854425
46854426
46854427
46854428
46854430
46854432
46854433
46854434
46854435
46854436
46854437
46854438
46854439
46854440
46854441
46854442
46854445
46854446
46854447
46854448
46854449
46854450
46854452
46854454
46854455
46854457
46854459
46854460
46854462
46854463
46854464
46854465
46854466
46854467
46854468
46854469
46854470
46854471
46854473
46854475
46854476
46854477
46854478
46854479
46854480
46854481
46854482
46854485
46854486
46854487
46854488
46854489
46854491
46854492
46854493
46854494
46854496
46854497
46854498
46854500
46854501
46854502
46854504
46854505
46854506
46854507
46854509
46854512
46854513
46854515
46854516
46854518
46854519
46854520
46854521
46854522
46854524
46854525
46854528
46854529
46854530
46854531
46854533
46854534
46854535
46854536
46854537
46854538
46854539
46854540
46854541
46854542
46854543
46854544
46854545
46854546
46854547
46854548
46854549
46854551
46854553
46854555
46854557
46854558
46854559
46854562
46854563
46854564
46854565
46854566
46854567
46854568
46854569
46854570
46854571
46854573
46854574
46854575
46854576
46854577
46854579
46854580
46854581
46854582
46854583
46854584
46854585
46854586
46854587
46854588
46854589
46854590
46854591
46854592
46854593
46854594
46854595
46854597
46854598
46854599
46854600
46854601
46854602
46854603
46854605
46854606
46854607
46854608
46854609
46854610
46854611
46854612
46854613
46854614
46854615
46854617
46854618
46854620
46854621
46854623
46854624
46854625
46854626
46854627
46854628
46854629
46854631
46854632
46854633
46854634
46854635
46854636
46854637
46854638
46854639
46854640
46854641
46854642
46854643
46854644
46854646
46854647
46854648
46854649
46854650
46854651
46854652
46854653
46854654
46854656
46854658
46854659
46854660
46854662
46854663
46854664
46854665
46854669
46854670
46854671
46854673
46854674
46854675
46854677
46854679
46854681
46854682
46854683
46854684
46854685
46854687
46854688
46854689
46854691
46854692
46854693
46854694
46854695
46854696
46854697
46854698
46854699
46854700
46854703
46854704
46854705
46854706
46854707
46854708
46854710
46854711
46854713
46854714
46854715
46854716
46854717
46854718
46854719
46854721
46854722
46854723
46854725
46854726
46854728
46854729
46854730
46854731
46854733
46854734
46854735
46854736
46854737
46854738
46854739
46854740
46854741
46854742
46854744
46854745
46854746
46854747
46854748
46854749
46854750
46854751
46854752
46854754
46854755
46854756
46854757
46854758
46854759
46854760
46854761
46854763
46854764
46854765
46854767
46854768
46854769
46854770
46854771
46854773
46854774
46854775
46854776
46854777
46854778
46854779
46854780
46854781
46854782
46854783
46854784
46854785
46854786
46854787
46854788
46854791
46854793
46854794
46854795
46854796
46854797
46854798
46854800
46854803
46854804
46854805
46854806
46854807
46854808
46854810
46854812
46854813
46854814
46854815
46854816
46854817
46854818
46854819
46854820
46854821
46854822
46854824
46854825
46854826
46854827
46854828
46854830
46854831
46854832
46854833
46854834
46854835
46854836
46854838
46854839
46854840
46854841
46854842
46854843
46854844
46854845
46854846
46854847
46854848
46854849
46854850
46854851
46854853
46854854
46854859
46854860
46854861
46854862
46854863
46854864
46854865
46854869
46854870
46854871
46854872
46854873
46854875
46854876
46854877
46854878
46854879
46854880
46854881
46854884
46854886
46854887
46854888
46854889
46854890
46854891
46854892
46854894
46854895
46854896
46854897
46854898
46854899
46854900
46854901
46854902
46854903
46854904
46854905
46854906
46854907
46854909
46854910
46854911
46854912
46854913
46854914
46854916
46854917
46854918
46854921
46854922
46854923
46854925
46854927
46854928
46854929
46854930
46854931
46854932
46854934
46854935
46854937
46854938
46854939
46854941
46854942
46854944
46854945
46854946
46854947
46854948
46854949
46854950
46854951
46854953
46854954
46854955
46854956
46854957
46854960
46854961
46854962
46854964
46854965
46854966
46854967
46854968
46854969
46854970
46854971
46854972
46854974
46854975
46854976
46854977
46854978
46854979
46854980
46854981
46854982
46854983
46854985
46854986
46854988
46854989
46854990
46854991
46854992
46854994
46854995
46854996
46854997
46854998
46855000
46855001
46855002
46855003
46855004
46855005
46855006
46855007
46855008
46855009
46855010
46855011
46855012
46855013
46855014
46855016
46855017
46855018
46855019
46855020
46855021
46855022
46855023
46855024
46855026
46855027
46855029
46855030
46855034
46855035
46855036
46855037
46855038
46855039
46855040
46855041
46855042
46855044
46855045
46855047
46855048
46855049
46855050
46855051
46855052
46855053
46855054
46855056
46855057
46855058
46855059
46855060
46855061
46855062
46855063
46855064
46855065
46855066
46855067
46855068
46855069
46855070
46855071
46855072
46855073
46855074
46855076
46855077
46855078
46855079
46855080
46855081
46855084
46855085
46855086
46855087
46855088
46855089
46855090
46855091
46855092
46855093
46855094
46855095
46855096
46855099
46855100
46855102
46855105
46855107
46855109
46855110
46855111
46855112
46855113
46855114
46855115
46855116
46855117
46855119
46855120
46855121
46855122
46855123
46855124
46855126
46855127
46855128
46855129
46855130
46855131
46855132
46855133
46855134
46855135
46855136
46855137
46855138
46855139
46855140
46855142
46855143
46855144
46855145
46855146
46855147
46855149
46855151
46855154
46855155
46855157
46855158
46855159
46855160
46855161
46855164
46855165
46855166
46855168
46855169
46855170
46855171
46855172
46855173
46855174
46855175
46855176
46855177
46855178
46855180
46855181
46855183
46855184
46855185
46855189
46855190
46855191
46855193
46855196
46855197
46855198
46855199
46855200
46855201
46855202
46855204
46855206
46855207
46855208
46855209
46855210
46855212
46855215
46855217
46855218
46855220
46855222
46855224
46855225
46855226
46855227
46855228
46855230
46855231
46855233
46855234
46855235
46855237
46855238
46855239
46855240
46855241
46855242
46855243
46855244
46855245
46855246
46855247
46855248
46855249
46855250
46855251
46855253
46855254
46855255
46855258
46855259
46855260
46855262
46855263
46855264
46855265
46855267
46855270
46855271
46855272
46855273
46855274
46855275
46855276
46855277
46855279
46855280
46855281
46855283
46855285
46855286
46855287
46855288
46855289
46855290
46855292
46855293
46855294
46855295
46855297
46855298
46855299
46855300
46855301
46855302
46855303
46855304
46855305
46855307
46855308
46855309
46855310
46855311
46855313
46855314
46855315
46855316
46855317
46855318
46855319
46855320
46855323
46855325
46855327
46855328
46855329
46855330
46855331
46855333
46855334
46855336
46855338
46855339
46855340
46855341
46855342
46855343
46855344
46855346
46855347
46855348
46855349
46855350
46855351
46855352
46855353
46855354
46855356
46855357
46855358
46855360
46855361
46855362
46855363
46855364
46855365
46855366
46855367
46855368
46855370
46855371
46855372
46855373
46855374
46855375
46855376
46855377
46855378
46855379
46855380
46855383
46855384
46855385
46855386
46855387
46855389
46855391
46855392
46855393
46855394
46855395
46855396
46855397
46855398
46855399
46855400
46855401
46855402
46855403
46855404
46855405
46855406
46855407
46855408
46855409
46855410
46855411
46855412
46855414
46855415
46855416
46855417
46855420
46855421
46855422
46855424
46855426
46855427
46855428
46855429
46855430
46855432
46855436
46855438
46855439
46855441
46855442
46855443
46855444
46855445
46855447
46855448
46855449
46855450
46855452
46855453
46855454
46855455
46855457
46855458
46855459
46855460
46855461
46855462
46855463
46855464
46855465
46855466
46855468
46855469
46855470
46855471
46855472
46855473
46855474
46855475
46855476
46855478
46855479
46855480
46855482
46855483
46855484
46855486
46855487
46855488
46855489
46855490
46855491
46855492
46855493
46855496
46855497
46855499
46855500
46855503
46855505
46855506
46855507
46855508
46855509
46855510
46855511
46855512
46855513
46855514
46855515
46855516
46855517
46855518
46855523
46855524
46855526
46855527
46855529
46855530
46855531
46855532
46855533
46855534
46855535
46855536
46855537
46855538
46855539
46855541
46855543
46855544
46855545
46855547
46855548
46855549
46855550
46855551
46855552
46855553
46855554
46855556
46855557
46855558
46855559
46855560
46855561
46855563
46855564
46855566
46855567
46855568
46855569
46855570
46855571
46855572
46855573
46855574
46855575
46855576
46855577
46855578
46855579
46855580
46855581
46855583
46855584
46855585
46855586
46855587
46855588
46855590
46855591
46855593
46855594
46855595
46855596
46855598
46855599
46855600
46855601
46855602
46855603
46855604
46855605
46855606
46855607
46855608
46855609
46855610
46855611
46855612
46855613
46855615
46855618
46855619
46855620
46855621
46855623
46855624
46855625
46855626
46855628
46855629
46855630
46855632
46855633
46855634
46855635
46855638
46855639
46855640
46855642
46855644
46855646
46855647
46855649
46855650
46855651
46855652
46855653
46855654
46855656
46855657
46855658
46855659
46855661
46855662
46855663
46855664
46855666
46855667
46855668
46855669
46855670
46855671
46855672
46855673
46855674
46855677
46855679
46855681
46855682
46855683
46855684
46855685
46855687
46855688
46855689
46855691
46855692
46855694
46855695
46855696
46855697
46855698
46855699
46855700
46855701
46855703
46855704
46855705
46855707
46855708
46855710
46855711
46855712
46855713
46855714
46855715
46855716
46855717
46855718
46855720
46855721
46855722
46855723
46855725
46855727
46855728
46855729
46855731
46855732
46855733
46855734
46855736
46855737
46855738
46855739
46855740
46855742
46855743
46855745
46855746
46855747
46855748
46855749
46855751
46855752
46855753
46855755
46855756
46855757
46855758
46855759
46855760
46855761
46855762
46855763
46855764
46855765
46855766
46855767
46855768
46855769
46855770
46855771
46855772
46855773
46855775
46855776
46855778
46855779
46855780
46855781
46855782
46855783
46855785
46855786
46855787
46855788
46855789
46855791
46855792
46855793
46855794
46855796
46855797
46855798
46855799
46855801
46855802
46855804
46855805
46855806
46855807
46855808
46855809
46855810
46855811
46855812
46855815
46855816
46855817
46855818
46855819
46855820
46855821
46855823
46855824
46855826
46855827
46855828
46855829
46855830
46855831
46855832
46855833
46855834
46855835
46855836
46855838
46855839
46855841
46855843
46855844
46855845
46855846
46855847
46855848
46855850
46855851
46855852
46855853
46855854
46855855
46855856
46855857
46855858
46855859
46855860
46855862
46855863
46855865
46855866
46855868
46855869
46855870
46855871
46855872
46855874
46855876
46855877
46855879
46855880
46855882
46855883
46855884
46855885
46855887
46855888
46855889
46855890
46855891
46855894
46855895
46855896
46855897
46855898
46855900
46855901
46855902
46855903
46855905
46855907
46855908
46855909
46855910
46855912
46855913
46855914
46855915
46855916
46855917
46855918
46855919
46855921
46855922
46855923
46855924
46855925
46855928
46855929
46855930
46855931
46855932
46855934
46855935
46855936
46855937
46855938
46855940
46855942
46855943
46855945
46855946
46855947
46855948
46855949
46855950
46855952
46855953
46855954
46855955
46855957
46855959
46855961
46855964
46855965
46855967
46855968
46855969
46855970
46855972
46855974
46855975
46855978
46855979
46855980
46855981
46855982
46855983
46855984
46855985
46855986
46855987
46855988
46855989
46855990
46855991
46855992
46855993
46855995
46855998
46855999
46856000
46856001
46856002
46856003
46856004
46856005
46856006
46856008
46856009
46856010
46856011
46856012
46856013
46856014
46856015
46856016
46856017
46856019
46856020
46856021
46856022
46856023
46856025
46856026
46856027
46856028
46856029
46856032
46856033
46856034
46856035
46856036
46856037
46856038
46856039
46856040
46856041
46856042
46856043
46856044
46856045
46856046
46856047
46856048
46856050
46856051
46856053
46856055
46856056
46856057
46856058
46856059
46856060
46856061
46856062
46856063
46856064
46856065
46856066
46856068
46856069
46856070
46856071
46856072
46856073
46856074
46856075
46856076
46856077
46856078
46856082
46856083
46856086
46856087
46856088
46856089
46856090
46856091
46856093
46856095
46856096
46856097
46856098
46856100
46856101
46856102
46856103
46856104
46856105
46856106
46856107
46856108
46856110
46856111
46856113
46856114
46856115
46856116
46856117
46856118
46856119
46856120
46856121
46856124
46856125
46856130
46856131
46856132
46856133
46856134
46856135
46856136
46856137
46856138
46856139
46856141
46856142
46856143
46856144
46856146
46856147
46856148
46856150
46856151
46856152
46856153
46856154
46856155
46856157
46856158
46856159
46856160
46856162
46856164
46856165
46856166
46856170
46856171
46856172
46856174
46856176
46856177
46856178
46856180
46856181
46856184
46856185
46856186
46856187
46856188
46856193
46856195
46856198
46856199
46856201
46856202
46856203
46856204
46856206
46856207
46856209
46856210
46856212
46856213
46856214
46856215
46856216
46856217
46856218
46856219
46856220
46856221
46856223
46856224
46856225
46856226
46856227
46856228
46856229
46856230
46856232
46856233
46856235
46856236
46856237
46856238
46856241
46856242
46856243
46856244
46856245
46856246
46856247
46856249
46856250
46856251
46856253
46856254
46856255
46856256
46856257
46856258
46856259
46856261
46856262
46856263
46856264
46856265
46856266
46856267
46856269
46856270
46856271
46856272
46856273
46856274
46856275
46856276
46856278
46856279
46856280
46856281
46856282
46856283
46856284
46856285
46856286
46856287
46856288
46856289
46856290
46856291
46856292
46856294
46856295
46856296
46856297
46856298
46856299
46856301
46856302
46856303
46856304
46856305
46856306
46856307
46856308
46856309
46856312
46856313
46856315
46856316
46856317
46856318
46856319
46856320
46856323
46856324
46856325
46856326
46856327
46856328
46856329
46856330
46856331
46856332
46856333
46856334
46856335
46856336
46856338
46856339
46856340
46856342
46856343
46856344
46856345
46856347
46856348
46856349
46856350
46856351
46856352
46856353
46856354
46856356
46856357
46856358
46856359
46856360
46856361
46856362
46856363
46856364
46856365
46856366
46856368
46856369
46856370
46856371
46856372
46856373
46856374
46856375
46856376
46856379
46856380
46856381
46856383
46856388
46856390
46856391
46856392
46856393
46856394
46856397
46856398
46856399
46856400
46856401
46856402
46856403
46856404
46856406
46856407
46856408
46856410
46856411
46856412
46856413
46856414
46856415
46856417
46856418
46856419
46856420
46856421
46856422
46856423
46856424
46856425
46856426
46856427
46856428
46856429
46856430
46856431
46856432
46856433
46856434
46856435
46856437
46856438
46856439
46856440
46856441
46856442
46856444
46856445
46856447
46856448
46856450
46856451
46856453
46856454
46856455
46856456
46856457
46856458
46856459
46856460
46856461
46856462
46856463
46856464
46856465
46856467
46856470
46856471
46856472
46856473
46856474
46856475
46856476
46856477
46856478
46856481
46856482
46856483
46856484
46856486
46856487
46856488
46856489
46856490
46856492
46856493
46856494
46856495
46856496
46856497
46856498
46856499
46856500
46856502
46856505
46856509
46856510
46856511
46856513
46856514
46856515
46856517
46856518
46856519
46856520
46856521
46856522
46856523
46856524
46856525
46856526
46856527
46856528
46856529
46856530
46856531
46856533
46856534
46856536
46856537
46856538
46856539
46856540
46856541
46856542
46856543
46856544
46856545
46856548
46856549
46856551
46856552
46856553
46856554
46856555
46856556
46856557
46856558
46856559
46856560
46856562
46856563
46856564
46856565
46856567
46856568
46856569
46856570
46856571
46856572
46856574
46856575
46856576
46856577
46856579
46856581
46856582
46856585
46856586
46856587
46856588
46856589
46856590
46856591
46856592
46856593
46856595
46856596
46856597
46856599
46856600
46856601
46856602
46856604
46856606
46856607
46856608
46856610
46856611
46856612
46856614
46856615
46856616
46856617
46856618
46856619
46856620
46856621
46856622
46856623
46856624
46856625
46856626
46856628
46856630
46856631
46856633
46856634
46856635
46856637
46856638
46856640
46856641
46856642
46856643
46856644
46856645
46856646
46856647
46856648
46856649
46856650
46856651
46856653
46856654
46856655
46856656
46856657
46856658
46856659
46856660
46856663
46856664
46856665
46856667
46856668
46856669
46856670
46856672
46856673
46856674
46856676
46856677
46856678
46856679
46856680
46856681
46856682
46856683
46856684
46856685
46856686
46856688
46856689
46856691
46856692
46856693
46856694
46856696
46856697
46856698
46856699
46856701
46856704
46856705
46856706
46856707
46856708
46856709
46856710
46856711
46856714
46856715
46856718
46856719
46856720
46856721
46856722
46856723
46856724
46856725
46856726
46856727
46856728
46856730
46856731
46856732
46856733
46856734
46856735
46856736
46856737
46856738
46856739
46856741
46856743
46856745
46856746
46856747
46856748
46856749
46856750
46856751
46856752
46856753
46856754
46856755
46856756
46856757
46856758
46856759
46856760
46856762
46856763
46856764
46856767
46856768
46856769
46856770
46856771
46856772
46856773
46856774
46856776
46856778
46856780
46856781
46856783
46856785
46856787
46856788
46856789
46856791
46856793
46856794
46856795
46856796
46856798
46856799
46856800
46856801
46856802
46856803
46856804
46856805
46856806
46856808
46856809
46856811
46856812
46856813
46856814
46856815
46856816
46856818
46856820
46856821
46856822
46856823
46856824
46856825
46856826
46856827
46856828
46856831
46856833
46856834
46856836
46856838
46856840
46856841
46856842
46856843
46856847
46856848
46856849
46856850
46856851
46856852
46856855
46856856
46856857
46856859
46856861
46856863
46856864
46856865
46856866
46856867
46856868
46856869
46856870
46856871
46856873
46856874
46856877
46856878
46856880
46856881
46856882
46856883
46856884
46856885
46856887
46856888
46856889
46856890
46856892
46856893
46856894
46856895
46856896
46856897
46856898
46856899
46856901
46856903
46856904
46856906
46856907
46856908
46856909
46856911
46856912
46856913
46856914
46856915
46856917
46856918
46856919
46856922
46856923
46856924
46856926
46856927
46856928
46856930
46856932
46856933
46856935
46856936
46856937
46856938
46856939
46856940
46856941
46856942
46856943
46856945
46856947
46856948
46856949
46856950
46856952
46856954
46856955
46856958
46856959
46856961
46856962
46856963
46856964
46856965
46856966
46856967
46856968
46856969
46856970
46856971
46856972
46856973
46856974
46856975
46856976
46856977
46856978
46856979
46856981
46856982
46856983
46856984
46856986
46856988
46856989
46856990
46856991
46856992
46856993
46856994
46856995
46856999
46857000
46857001
46857002
46857003
46857004
46857005
46857006
46857007
46857008
46857009
46857010
46857011
46857012
46857013
46857014
46857017
46857018
46857019
46857021
46857022
46857023
46857024
46857025
46857027
46857028
46857029
46857030
46857031
46857032
46857034
46857036
46857037
46857039
46857040
46857041
46857043
46857044
46857045
46857047
46857050
46857052
46857053
46857054
46857055
46857057
46857058
46857059
46857061
46857064
46857065
46857066
46857067
46857068
46857069
46857070
46857071
46857072
46857073
46857075
46857077
46857079
46857080
46857082
46857083
46857084
46857085
46857086
46857087
46857088
46857089
46857090
46857091
46857092
46857093
46857094
46857095
46857096
46857097
46857098
46857099
46857100
46857101
46857102
46857103
46857104
46857105
46857106
46857107
46857108
46857110
46857111
46857112
46857113
46857114
46857115
46857116
46857117
46857119
46857121
46857122
46857123
46857124
46857125
46857127
46857128
46857129
46857130
46857131
46857132
46857133
46857135
46857136
46857138
46857139
46857140
46857142
46857143
46857145
46857146
46857147
46857148
46857149
46857150
46857151
46857152
46857153
46857154
46857156
46857157
46857158
46857159
46857160
46857161
46857162
46857163
46857164
46857165
46857166
46857167
46857168
46857169
46857170
46857172
46857173
46857175
46857176
46857178
46857179
46857180
46857181
46857182
46857183
46857184
46857185
46857186
46857187
46857188
46857190
46857192
46857193
46857194
46857195
46857196
46857197
46857199
46857200
46857201
46857202
46857203
46857204
46857205
46857206
46857207
46857208
46857209
46857210
46857211
46857212
46857214
46857215
46857216
46857218
46857219
46857220
46857221
46857222
46857223
46857225
46857226
46857228
46857229
46857230
46857231
46857232
46857233
46857234
46857235
46857236
46857237
46857239
46857242
46857244
46857245
46857246
46857247
46857248
46857249
46857250
46857251
46857252
46857253
46857254
46857255
46857256
46857257
46857259
46857260
46857261
46857262
46857263
46857264
46857265
46857266
46857267
46857269
46857270
46857272
46857273
46857274
46857275
46857276
46857277
46857278
46857279
46857280
46857281
46857283
46857284
46857285
46857286
46857287
46857288
46857289
46857290
46857291
46857292
46857293
46857294
46857295
46857298
46857299
46857300
46857301
46857302
46857303
46857304
46857305
46857306
46857307
46857308
46857309
46857310
46857311
46857312
46857313
46857314
46857315
46857316
46857317
46857319
46857320
46857322
46857323
46857325
46857326
46857329
46857330
46857331
46857332
46857334
46857337
46857338
46857341
46857342
46857343
46857344
46857345
46857347
46857348
46857349
46857352
46857353
46857354
46857355
46857356
46857358
46857359
46857360
46857361
46857362
46857363
46857366
46857367
46857368
46857369
46857370
46857371
46857372
46857373
46857374
46857375
46857376
46857377
46857378
46857379
46857381
46857382
46857383
46857384
46857385
46857386
46857387
46857388
46857389
46857390
46857391
46857392
46857393
46857395
46857396
46857397
46857399
46857400
46857401
46857402
46857403
46857404
46857405
46857406
46857407
46857408
46857409
46857411
46857412
46857413
46857414
46857415
46857416
46857417
46857418
46857419
46857420
46857421
46857422
46857424
46857425
46857426
46857427
46857430
46857431
46857432
46857433
46857434
46857435
46857436
46857437
46857438
46857439
46857441
46857443
46857445
46857446
46857447
46857448
46857452
46857453
46857454
46857456
46857457
46857459
46857460
46857461
46857462
46857463
46857465
46857466
46857467
46857468
46857469
46857470
46857471
46857473
46857474
46857475
46857476
46857477
46857478
46857479
46857480
46857481
46857482
46857484
46857485
46857487
46857488
46857490
46857492
46857493
46857494
46857496
46857497
46857499
46857500
46857501
46857502
46857503
46857504
46857506
46857507
46857508
46857509
46857511
46857512
46857513
46857516
46857517
46857518
46857519
46857520
46857521
46857522
46857523
46857524
46857525
46857526
46857527
46857528
46857529
46857530
46857531
46857532
46857533
46857534
46857535
46857536
46857537
46857538
46857539
46857540
46857541
46857544
46857545
46857546
46857547
46857548
46857549
46857550
46857551
46857552
46857553
46857554
46857555
46857557
46857558
46857559
46857561
46857562
46857563
46857564
46857565
46857566
46857567
46857568
46857569
46857570
46857571
46857573
46857574
46857575
46857576
46857577
46857579
46857581
46857582
46857583
46857585
46857586
46857587
46857588
46857589
46857590
46857592
46857593
46857595
46857596
46857597
46857598
46857599
46857600
46857602
46857603
46857604
46857605
46857607
46857609
46857610
46857611
46857612
46857613
46857614
46857615
46857616
46857617
46857618
46857619
46857621
46857622
46857623
46857624
46857628
46857629
46857631
46857632
46857633
46857634
46857635
46857636
46857637
46857638
46857639
46857640
46857644
46857645
46857647
46857648
46857649
46857650
46857652
46857654
46857655
46857656
46857657
46857658
46857659
46857660
46857661
46857662
46857663
46857664
46857665
46857667
46857668
46857669
46857671
46857672
46857675
46857676
46857677
46857678
46857679
46857680
46857681
46857682
46857683
46857684
46857685
46857686
46857687
46857688
46857691
46857692
46857694
46857695
46857696
46857698
46857699
46857700
46857701
46857702
46857703
46857704
46857705
46857707
46857708
46857709
46857710
46857711
46857712
46857713
46857714
46857715
46857716
46857717
46857718
46857719
46857721
46857722
46857724
46857725
46857726
46857727
46857728
46857729
46857730
46857731
46857732
46857733
46857734
46857735
46857736
46857737
46857738
46857739
46857740
46857742
46857743
46857745
46857748
46857751
46857752
46857754
46857756
46857757
46857758
46857759
46857760
46857762
46857764
46857765
46857766
46857767
46857768
46857769
46857770
46857771
46857773
46857774
46857775
46857776
46857777
46857779
46857780
46857782
46857783
46857784
46857785
46857786
46857787
46857788
46857790
46857791
46857792
46857793
46857794
46857795
46857796
46857797
46857799
46857800
46857802
46857803
46857805
46857807
46857808
46857809
46857810
46857811
46857813
46857814
46857815
46857816
46857817
46857819
46857820
46857822
46857823
46857824
46857825
46857826
46857827
46857828
46857829
46857830
46857831
46857832
46857833
46857834
46857835
46857837
46857838
46857839
46857840
46857841
46857842
46857843
46857844
46857845
46857846
46857847
46857848
46857849
46857850
46857851
46857852
46857853
46857854
46857855
46857856
46857857
46857862
46857863
46857865
46857866
46857867
46857868
46857870
46857871
46857872
46857873
46857874
46857875
46857876
46857877
46857878
46857879
46857880
46857881
46857882
46857885
46857886
46857887
46857888
46857889
46857890
46857891
46857892
46857893
46857894
46857895
46857896
46857897
46857898
46857900
46857901
46857903
46857904
46857905
46857906
46857907
46857908
46857909
46857910
46857911
46857912
46857913
46857914
46857915
46857916
46857917
46857918
46857920
46857921
46857922
46857923
46857924
46857925
46857926
46857927
46857928
46857929
46857930
46857931
46857932
46857934
46857936
46857937
46857938
46857939
46857940
46857941
46857943
46857945
46857946
46857947
46857948
46857950
46857951
46857952
46857953
46857954
46857957
46857958
46857959
46857961
46857962
46857963
46857964
46857965
46857966
46857968
46857969
46857970
46857971
46857972
46857973
46857974
46857975
46857977
46857978
46857979
46857980
46857981
46857982
46857983
46857984
46857985
46857986
46857987
46857988
46857989
46857990
46857991
46857992
46857993
46857994
46857995
46857996
46857997
46857998
46857999
46858000
46858001
46858002
46858003
46858004
46858005
46858006
46858007
46858010
46858011
46858012
46858013
46858014
46858015
46858016
46858017
46858018
46858019
46858021
46858022
46858024
46858025
46858026
46858027
46858028
46858029
46858030
46858032
46858034
46858035
46858036
46858038
46858040
46858041
46858042
46858043
46858044
46858045
46858046
46858048
46858049
46858050
46858051
46858052
46858054
46858055
46858056
46858057
46858058
46858059
46858060
46858061
46858062
46858064
46858065
46858066
46858067
46858069
46858071
46858072
46858074
46858080
46858081
46858085
46858086
46858087
46858088
46858089
46858090
46858092
46858094
46858096
46858097
46858098
46858099
46858101
46858102
46858103
46858104
46858106
46858107
46858108
46858109
46858110
46858111
46858112
46858113
46858115
46858118
46858119
46858120
46858121
46858122
46858124
46858125
46858126
46858127
46858128
46858129
46858130
46858131
46858132
46858133
46858134
46858135
46858136
46858138
46858139
46858140
46858141
46858143
46858144
46858145
46858147
46858148
46858149
46858150
46858151
46858152
46858153
46858154
46858155
46858156
46858157
46858158
46858160
46858161
46858163
46858164
46858165
46858166
46858167
46858169
46858170
46858171
46858172
46858173
46858174
46858175
46858176
46858177
46858178
46858179
46858180
46858182
46858183
46858185
46858186
46858187
46858188
46858189
46858191
46858193
46858194
46858196
46858197
46858199
46858200
46858201
46858202
46858204
46858205
46858208
46858210
46858211
46858212
46858215
46858216
46858217
46858218
46858219
46858220
46858221
46858222
46858223
46858224
46858225
46858227
46858228
46858229
46858230
46858231
46858232
46858233
46858234
46858235
46858237
46858238
46858239
46858240
46858242
46858244
46858246
46858247
46858249
46858250
46858251
46858252
46858253
46858254
46858255
46858256
46858257
46858258
46858259
46858260
46858261
46858263
46858265
46858266
46858267
46858268
46858269
46858270
46858271
46858272
46858273
46858274
46858275
46858276
46858277
46858278
46858279
46858280
46858281
46858283
46858284
46858285
46858286
46858287
46858288
46858289
46858290
46858291
46858293
46858294
46858295
46858296
46858298
46858299
46858301
46858302
46858303
46858305
46858307
46858308
46858309
46858311
46858312
46858313
46858314
46858315
46858318
46858320
46858321
46858322
46858325
46858326
46858327
46858329
46858330
46858331
46858332
46858333
46858334
46858335
46858336
46858337
46858338
46858340
46858341
46858342
46858345
46858349
46858351
46858352
46858353
46858354
46858355
46858357
46858358
46858359
46858360
46858361
46858363
46858364
46858367
46858369
46858370
46858372
46858373
46858374
46858377
46858379
46858380
46858381
46858382
46858383
46858384
46858385
46858386
46858388
46858390
46858391
46858392
46858393
46858394
46858395
46858396
46858397
46858399
46858401
46858402
46858404
46858406
46858409
46858410
46858412
46858413
46858414
46858415
46858416
46858417
46858418
46858420
46858421
46858422
46858423
46858424
46858425
46858426
46858428
46858429
46858431
46858432
46858433
46858435
46858436
46858437
46858438
46858441
46858442
46858444
46858445
46858446
46858447
46858448
46858449
46858452
46858454
46858455
46858456
46858457
46858458
46858459
46858461
46858462
46858463
46858464
46858465
46858466
46858468
46858470
46858471
46858473
46858474
46858476
46858477
46858478
46858479
46858480
46858481
46858482
46858485
46858486
46858487
46858489
46858490
46858491
46858492
46858493
46858494
46858495
46858496
46858497
46858499
46858500
46858501
46858502
46858503
46858504
46858505
46858506
46858508
46858510
46858511
46858512
46858513
46858514
46858515
46858518
46858519
46858521
46858522
46858523
46858525
46858526
46858527
46858529
46858530
46858531
46858533
46858534
46858535
46858536
46858537
46858538
46858541
46858542
46858543
46858544
46858545
46858546
46858547
46858548
46858549
46858551
46858552
46858554
46858555
46858556
46858558
46858560
46858561
46858562
46858563
46858564
46858565
46858567
46858568
46858570
46858572
46858573
46858575
46858576
46858577
46858578
46858579
46858581
46858585
46858586
46858587
46858589
46858590
46858591
46858592
46858593
46858595
46858596
46858598
46858599
46858601
46858602
46858603
46858605
46858606
46858607
46858608
46858609
46858611
46858613
46858614
46858616
46858617
46858618
46858619
46858620
46858621
46858622
46858624
46858625
46858626
46858627
46858628
46858629
46858630
46858631
46858632
46858633
46858635
46858638
46858639
46858640
46858641
46858643
46858644
46858645
46858646
46858647
46858649
46858652
46858653
46858654
46858655
46858656
46858657
46858658
46858661
46858662
46858663
46858664
46858665
46858666
46858667
46858670
46858671
46858673
46858674
46858675
46858677
46858678
46858679
46858680
46858681
46858683
46858686
46858687
46858691
46858692
46858693
46858694
46858695
46858696
46858699
46858700
46858703
46858704
46858706
46858707
46858709
46858710
46858711
46858712
46858713
46858714
46858715
46858716
46858717
46858718
46858719
46858720
46858721
46858722
46858723
46858724
46858725
46858726
46858727
46858728
46858729
46858730
46858731
46858732
46858734
46858735
46858736
46858737
46858738
46858739
46858740
46858741
46858742
46858743
46858744
46858745
46858746
46858749
46858751
46858752
46858753
46858754
46858755
46858756
46858757
46858758
46858759
46858760
46858761
46858762
46858763
46858764
46858765
46858766
46858767
46858768
46858769
46858770
46858771
46858773
46858774
46858776
46858777
46858778
46858779
46858780
46858781
46858782
46858783
46858784
46858785
46858786
46858787
46858788
46858789
46858790
46858791
46858792
46858793
46858794
46858795
46858796
46858797
46858798
46858799
46858800
46858801
46858802
46858803
46858806
46858807
46858808
46858810
46858811
46858812
46858813
46858814
46858816
46858817
46858818
46858819
46858820
46858821
46858822
46858823
46858824
46858825
46858827
46858828
46858829
46858830
46858831
46858832
46858833
46858835
46858836
46858837
46858838
46858841
46858842
46858843
46858844
46858846
46858848
46858849
46858851
46858852
46858853
46858854
46858855
46858857
46858859
46858860
46858861
46858862
46858863
46858864
46858865
46858867
46858869
46858870
46858871
46858873
46858874
46858875
46858876
46858879
46858880
46858881
46858882
46858883
46858884
46858887
46858888
46858890
46858891
46858892
46858894
46858895
46858896
46858898
46858899
46858900
46858901
46858903
46858904
46858907
46858909
46858915
46858917
46858918
46858919
46858920
46858921
46858922
46858923
46858925
46858926
46858927
46858928
46858929
46858930
46858931
46858932
46858933
46858934